1 0.047135 0.085648 0.093229 0.169444
1 0.379688 0.040741 0.036458 0.079630
1 0.319271 0.270833 0.066667 0.152778
1 0.142708 0.647222 0.068750 0.053704
1 0.493750 0.187037 0.044792 0.157407
1 0.888542 0.033333 0.042708 0.064815
1 0.729167 0.194907 0.071875 0.199074
1 0.798177 0.381019 0.092188 0.282407
1 0.866667 0.727315 0.113542 0.156481
1 0.926302 0.557870 0.056771 0.078704
1 0.939583 0.584259 0.036458 0.048148
1 0.505469 0.761574 0.059896 0.110185
1 0.338281 0.881481 0.066146 0.077778
1 0.531510 0.976389 0.046354 0.047222
