1 0.076823 0.206481 0.152604 0.324074
1 0.157812 0.351852 0.095833 0.162963
1 0.091667 0.561574 0.059375 0.078704
1 0.211719 0.493981 0.030729 0.030556
1 0.184896 0.661111 0.032292 0.100000
1 0.220573 0.894444 0.024479 0.048148
1 0.350521 0.487037 0.053125 0.179630
1 0.514323 0.049074 0.076563 0.096296
1 0.574740 0.165741 0.061979 0.274074
1 0.592708 0.151389 0.032292 0.115741
1 0.725260 0.319907 0.047396 0.062037
1 0.500521 0.718981 0.034375 0.025000
1 0.595052 0.708796 0.019271 0.015741
1 0.736719 0.498611 0.061979 0.125000
1 0.887500 0.559722 0.056250 0.150926
1 0.799219 0.950463 0.029687 0.039815
1 0.958333 0.905093 0.018750 0.030556
