4 0.153320 0.218699 0.177734 0.271545
4 0.295410 0.334959 0.084961 0.097561
4 0.384766 0.224390 0.095703 0.175610
4 0.597656 0.108130 0.105469 0.193496
4 0.311523 0.497561 0.035156 0.055285
4 0.166016 0.589431 0.109375 0.173984
4 0.466309 0.539024 0.088867 0.147967
4 0.326660 0.843089 0.243164 0.300813
4 0.585938 0.466667 0.050781 0.084553
4 0.639160 0.306504 0.079102 0.099187
4 0.938965 0.148780 0.122070 0.255285
4 0.770996 0.395122 0.063477 0.100813
4 0.600586 0.668293 0.062500 0.094309
4 0.547852 0.866667 0.042969 0.078049
4 0.779297 0.721951 0.107422 0.156098
4 0.932129 0.545528 0.118164 0.200000
4 0.882324 0.948780 0.108398 0.102439
